11.587503 
-100.000000 
-100.000000 
-100.000000 
-100.000000 
-100.000000 
-100.000000 
-100.000000 
-100.000000 
-100.000000 
-100.000000 
-100.000000 
-100.000000 
-100.000000 
-100.000000 
-100.000000 
-100.000000 
-100.000000 
-100.000000 
-100.000000 
-100.000000 
-100.000000 
-17.883987 
-17.883987 
-27.781513 
-22.457857 
-19.370834 
-19.935539 
-15.197081 
-15.584866 
-20.896927 
-24.843193 
-100.000000 
-100.000000 
-100.000000 
-100.000000 
-100.000000 
-100.000000 
-100.000000 
-100.000000 
-100.000000 
-10.770932 
-8.023590 
-8.121984 
-8.239429 
-8.735300 
-7.817049 
-8.111006 
-11.505107 
-11.595979 
-8.491866 
-10.142891 
-9.581519 
-10.278740 
-12.509113 
-10.839788 
-6.946491 
-7.056859 
-6.983922 
-7.416533 
-8.466373 
-8.831648 
-8.216523 
-7.718832 
-8.005032 
-7.388211 
-8.830816 
-7.191237 
-3.401150 
-2.882996 
-2.700381 
-3.239161 
-6.522502 
-5.934412 
-6.855590 
-6.719072 
-5.220593 
-2.550169 
-3.362861 
-3.091736 
-3.091847 
-3.843833 
-5.502060 
-8.365137 
-14.102077 
-14.876980 
-100.000000 
-13.379593 
-11.527891 
-14.474707 
-12.309547 
-8.846360 
-7.526436 
-7.157795 
-8.655550 
-10.520857 
-10.102934 
-12.165154 
-9.103613 
-7.692882 
-6.329312 
-5.500061 
-6.525099 
-6.879677 
-6.211673 
-6.769931 
-8.903124 
-9.817203 
-8.419751 
-7.528372 
-7.587952 
-6.718355 
-7.100926 
-7.614385 
-7.075091 
-6.114227 
-6.351042 
-4.257253 
-2.363986 
-2.868328 
-2.866123 
-2.653067 
-2.594620 
-3.040008 
-5.231293 
-8.569763 
-13.148402 
-12.677668 
-9.290670 
-11.534377 
-14.890131 
-25.136250 
-9.067756 
-4.255226 
-2.971879 
-3.863106 
-4.683403 
-4.851261 
-5.438943 
-5.296988 
-4.839154 
-4.772612 
-6.189668 
-6.039990 
-5.655088 
-8.464126 
-12.565394 
-100.000000 
-100.000000 
-100.000000 
-100.000000 
-17.570330 
-13.607771 
-11.087178 
-6.100326 
-3.745759 
-3.972208 
-14.216609 
-13.123592 
-10.468215 
-9.302355 
-8.973264 
-9.075601 
-9.239584 
-9.271086 
-9.695656 
-10.766231 
-10.186621 
-8.816400 
-10.304810 
-9.440315 
-7.179240 
-9.125983 
-9.652057 
-9.680441 
-10.158379 
-11.009759 
-11.681308 
-8.283952 
-3.799764 
-2.035549 
-2.357967 
-2.406427 
-2.345205 
-2.949770 
-5.650005 
-6.199468 
-6.740087 
-5.256587 
-5.036239 
-5.443736 
-5.491526 
-5.883462 
-5.996236 
-7.173872 
-9.683674 
-10.232737 
-9.808714 
-9.703911 
-9.231684 
-11.471703 
-18.805639 
-100.000000 
-100.000000 
-100.000000 
-12.924025 
-11.464358 
-10.818859 
-12.528410 
-10.944477 
-11.106821 
-15.186523 
-100.000000 
-100.000000 
-100.000000 
-16.090620 
-11.394106 
-11.020074 
-11.310844 
-10.544263 
-11.092273 
-8.316337 
-8.263404 
-7.128923 
-7.891381 
-7.205042 
-7.173305 
-7.932353 
-7.594852 
-8.655870 
-8.921889 
-8.996174 
-9.021997 
-8.839787 
-9.205008 
-9.046362 
-9.782268 
-9.783840 
-10.612595 
-11.869591 
-10.597701 
-10.265066 
-9.944579 
-9.276573 
-10.639767 
-10.487042 
-9.545575 
-10.968012 
-15.533381 
-27.781513 
-100.000000 
-100.000000 
-100.000000 
-100.000000 
-100.000000 
-100.000000 
-100.000000 
-100.000000 
-100.000000 
-100.000000 
-100.000000 
-100.000000 
-100.000000 
-100.000000 
-100.000000 
