0.992761 
0.000000 
0.000000 
0.000000 
0.000000 
0.000000 
0.000000 
0.000000 
0.000000 
0.000000 
0.000000 
0.000000 
0.000000 
0.000000 
0.000000 
0.000000 
0.000000 
0.000000 
0.000000 
0.000000 
0.000000 
0.000000 
0.614321 
0.614321 
0.000000 
0.000000 
0.000000 
0.289995 
0.459337 
0.467002 
0.193729 
0.000000 
0.000000 
0.000000 
0.000000 
0.000000 
0.000000 
0.000000 
0.000000 
0.000000 
0.000000 
0.973897 
0.978094 
0.977287 
0.750723 
-0.332048 
-0.523242 
-0.580877 
-0.631991 
-0.661025 
-0.615036 
-0.636829 
-0.533144 
-0.178348 
0.899202 
0.968415 
0.964925 
0.954691 
0.961643 
0.959776 
0.945246 
0.947926 
0.963290 
0.975423 
0.978370 
0.979265 
0.980142 
0.982472 
0.992360 
0.993041 
0.991959 
0.991934 
0.980049 
0.977585 
0.974557 
0.979214 
0.992182 
0.990480 
0.986850 
0.981427 
0.977560 
0.969122 
0.908440 
0.817991 
0.769258 
0.905274 
0.000000 
0.928434 
0.910328 
0.861184 
0.899802 
0.961072 
0.975047 
0.981602 
0.978285 
0.969533 
0.847291 
0.591963 
0.794363 
0.963956 
0.984294 
0.983302 
0.981471 
0.982162 
0.973046 
0.968384 
0.975813 
0.976078 
0.981822 
0.975003 
0.963679 
0.964413 
0.965105 
0.966869 
0.968212 
0.971279 
0.976251 
0.987451 
0.993593 
0.992270 
0.991230 
0.991958 
0.992866 
0.993977 
0.991806 
0.933053 
0.467476 
0.290975 
0.242951 
0.267734 
0.408479 
0.498074 
0.988072 
0.995936 
0.991071 
0.983954 
0.974448 
0.976927 
0.977490 
0.976577 
0.965458 
0.970016 
0.974644 
0.973391 
0.971244 
0.944375 
0.841008 
0.000000 
0.000000 
0.000000 
0.000000 
0.776445 
0.822934 
0.912743 
0.990284 
0.994950 
0.994842 
0.830131 
0.659393 
0.930973 
0.957361 
0.951497 
0.949080 
0.951555 
0.958555 
0.965220 
0.975979 
0.983638 
0.976040 
0.971766 
0.972435 
0.976393 
0.897697 
-0.116293 
-0.633014 
-0.668589 
-0.567808 
-0.129810 
0.976928 
0.994425 
0.993827 
0.993438 
0.993215 
0.993218 
0.991378 
0.983971 
0.978837 
0.980892 
0.984472 
0.984756 
0.985409 
0.985233 
0.984322 
0.984645 
0.984354 
0.970093 
0.784825 
0.170538 
-0.007744 
-0.023914 
0.014952 
0.415476 
0.000000 
0.000000 
0.000000 
0.005060 
-0.169015 
-0.236720 
-0.228189 
-0.158780 
-0.089830 
-0.100475 
0.000000 
0.000000 
0.000000 
0.259965 
-0.077444 
-0.038663 
0.340375 
0.553667 
0.887055 
0.927558 
0.933460 
0.944803 
0.950709 
0.967520 
0.965302 
0.959507 
0.958226 
0.961730 
0.962216 
0.963563 
0.967619 
0.968667 
0.965148 
0.959407 
0.968896 
0.973967 
0.946057 
-0.129827 
-0.540914 
-0.529524 
-0.541334 
-0.472612 
-0.422999 
-0.505736 
-0.579852 
-0.552017 
-0.390104 
0.000000 
0.000000 
0.000000 
0.000000 
0.000000 
0.000000 
0.000000 
0.000000 
0.000000 
0.000000 
0.000000 
0.000000 
0.000000 
0.000000 
0.000000 
0.000000 
