0.649453 
0.000000 
0.000000 
0.000000 
0.000000 
0.000000 
0.000000 
0.000000 
0.000000 
0.000000 
0.000000 
0.000000 
0.000000 
0.000000 
0.000000 
0.000000 
0.000000 
0.000000 
0.000000 
0.000000 
0.000000 
0.000000 
0.000000 
0.000000 
0.000000 
0.264002 
0.248077 
0.112955 
0.213790 
0.213569 
0.200372 
0.000000 
0.000000 
0.000000 
0.000000 
0.000000 
0.000000 
0.000000 
0.000000 
0.000000 
0.000000 
0.519244 
0.589098 
0.693322 
0.606447 
0.134548 
0.112229 
0.121442 
0.145138 
0.230536 
0.198062 
0.154750 
0.145217 
0.109173 
0.504579 
0.768732 
0.872323 
0.860298 
0.878311 
0.851160 
0.860873 
0.881078 
0.882236 
0.880349 
0.862897 
0.876874 
0.824931 
0.771134 
0.872029 
0.852637 
0.856086 
0.824218 
0.826216 
0.850693 
0.838416 
0.773416 
0.815357 
0.838614 
0.852566 
0.845633 
0.834908 
0.820489 
0.714682 
0.469139 
0.356384 
0.360122 
0.000000 
0.435807 
0.588858 
0.363964 
0.392081 
0.779927 
0.862933 
0.862786 
0.831426 
0.735145 
0.588895 
0.452301 
0.596497 
0.769327 
0.867511 
0.867772 
0.855507 
0.840023 
0.807073 
0.808411 
0.731883 
0.734369 
0.833491 
0.869249 
0.826200 
0.863175 
0.851052 
0.855903 
0.861834 
0.850316 
0.840530 
0.809490 
0.874639 
0.869449 
0.870686 
0.872066 
0.872944 
0.871018 
0.852160 
0.501568 
0.281239 
0.249774 
0.317472 
0.438803 
0.143692 
0.000000 
0.550400 
0.824230 
0.830557 
0.844877 
0.818253 
0.822386 
0.816032 
0.827269 
0.813955 
0.819585 
0.812604 
0.807337 
0.790701 
0.599323 
0.303690 
0.000000 
0.000000 
0.000000 
0.000000 
0.215710 
0.180510 
0.327397 
0.650426 
0.865979 
0.870437 
0.511113 
0.228855 
0.687894 
0.791220 
0.821181 
0.826244 
0.834469 
0.845433 
0.852741 
0.813475 
0.743613 
0.734332 
0.726779 
0.768133 
0.879558 
0.737004 
0.301668 
0.169359 
0.186121 
0.171383 
0.124327 
0.602484 
0.864468 
0.869069 
0.864494 
0.864884 
0.871104 
0.858579 
0.817477 
0.854940 
0.852656 
0.870812 
0.861250 
0.858984 
0.851708 
0.847534 
0.844799 
0.832902 
0.766416 
0.454831 
0.095940 
0.098429 
0.085619 
0.162684 
0.055956 
0.000000 
0.000000 
0.000000 
0.149225 
0.117918 
0.152361 
0.169970 
0.139436 
0.143303 
0.202566 
0.000000 
0.000000 
0.000000 
0.158219 
0.193209 
0.173320 
0.298930 
0.306684 
0.638583 
0.741515 
0.759099 
0.770527 
0.811225 
0.823573 
0.813206 
0.756654 
0.785576 
0.786857 
0.802947 
0.815267 
0.824962 
0.824207 
0.822494 
0.815958 
0.814094 
0.795106 
0.688417 
0.140740 
0.134686 
0.112632 
0.143897 
0.123409 
0.150130 
0.133183 
0.137248 
0.171814 
0.142440 
0.000000 
0.000000 
0.000000 
0.000000 
0.000000 
0.000000 
0.000000 
0.000000 
0.000000 
0.000000 
0.000000 
0.000000 
0.000000 
0.000000 
0.000000 
0.000000 
