0.046088 
0.043452 
0.040482 
0.038227 
0.035713 
0.033755 
0.032117 
0.030216 
0.028282 
0.026490 
0.024409 
0.022026 
0.019728 
0.017353 
0.014931 
0.012454 
0.010011 
0.007652 
0.005415 
0.002997 
0.000664 
-0.001616 
-0.003562 
-0.005487 
-0.007327 
-0.009136 
-0.010694 
-0.012230 
-0.014104 
-0.016082 
-0.018017 
-0.019918 
-0.021526 
-0.023132 
-0.024514 
-0.025678 
-0.026754 
-0.027909 
-0.029087 
-0.030085 
-0.030826 
-0.031276 
-0.031675 
-0.031957 
-0.031738 
-0.031467 
-0.030984 
-0.030345 
-0.029527 
-0.028458 
-0.026953 
-0.025428 
-0.024181 
-0.022826 
-0.021171 
-0.019438 
-0.017734 
-0.015903 
-0.014021 
-0.011859 
-0.009610 
-0.007216 
-0.004675 
-0.002361 
0.000023 
0.001995 
0.003295 
0.004819 
0.006657 
0.008296 
0.010117 
0.011902 
0.013453 
0.015122 
0.016869 
0.018509 
0.020195 
0.021674 
0.023014 
0.023737 
0.024123 
0.024681 
0.025269 
0.025819 
0.026273 
0.026536 
0.027093 
0.027859 
0.027919 
0.027513 
0.026867 
0.025872 
0.024765 
0.023552 
0.022357 
0.021068 
0.019648 
0.018126 
0.016474 
0.014692 
0.012917 
0.011085 
0.009152 
0.007348 
0.005508 
0.003857 
0.002353 
0.000579 
-0.001401 
-0.003364 
-0.005218 
-0.007119 
-0.008942 
-0.010579 
-0.012018 
-0.013315 
-0.014596 
-0.015954 
-0.017117 
-0.018155 
-0.019370 
-0.020135 
-0.020588 
-0.021315 
-0.021673 
-0.021838 
-0.022161 
-0.022257 
-0.022071 
-0.021829 
-0.021485 
-0.020943 
-0.020261 
-0.019385 
-0.018446 
-0.017433 
-0.016454 
-0.015301 
-0.014111 
-0.012978 
-0.011713 
-0.010560 
-0.009263 
-0.007980 
-0.006845 
-0.005769 
-0.004679 
-0.003765 
-0.002614 
-0.001071 
0.000366 
0.001903 
0.003460 
0.004784 
0.005998 
0.007179 
0.008161 
0.009141 
0.010098 
0.011025 
0.011994 
0.012944 
0.013935 
0.014822 
0.015409 
0.015996 
0.016261 
0.016116 
0.016081 
0.016152 
0.016151 
0.016081 
0.015882 
0.015574 
0.015131 
0.014726 
0.014069 
0.013268 
0.012431 
0.011626 
0.010796 
0.009988 
0.009140 
0.008313 
0.007456 
0.006594 
0.005697 
0.004881 
0.004050 
0.003478 
0.002913 
0.001950 
0.000887 
0.000007 
-0.000894 
-0.001749 
-0.002618 
-0.003498 
-0.004453 
-0.005167 
-0.005971 
-0.006787 
-0.007591 
-0.008287 
-0.008976 
-0.009750 
-0.010398 
-0.010951 
-0.011414 
-0.011704 
-0.012095 
-0.012340 
-0.012445 
-0.012217 
-0.011886 
-0.011347 
-0.010512 
-0.009942 
-0.009667 
-0.009199 
-0.008663 
-0.008135 
-0.007615 
-0.007114 
-0.006545 
-0.005873 
-0.005232 
-0.004530 
-0.003872 
-0.003276 
-0.002600 
-0.002065 
-0.001871 
-0.001767 
-0.001573 
-0.001172 
-0.000708 
-0.000145 
0.000409 
0.001046 
0.001681 
0.002314 
0.002734 
0.003147 
0.003650 
0.004122 
0.004577 
0.005045 
0.005512 
0.005986 
0.006427 
0.006838 
0.007190 
0.007517 
0.007661 
0.007642 
0.007524 
0.007330 
0.007189 
0.007049 
0.006689 
0.006328 
0.005766 
0.005000 
0.004503 
0.004287 
0.004114 
0.004124 
0.004190 
0.003808 
0.003225 
0.003112 
0.002833 
0.002387 
0.001948 
0.001509 
0.001122 
0.000972 
0.000836 
0.000603 
0.000467 
0.000353 
0.000199 
-0.000003 
-0.000288 
-0.000485 
-0.000714 
-0.000973 
-0.001265 
-0.001554 
-0.001774 
-0.001991 
-0.002273 
-0.002489 
-0.002685 
-0.002874 
-0.003080 
-0.003287 
-0.003484 
-0.003611 
0.000000 
0.000000 
0.000000 
0.000000 
0.000000 
0.000000 
0.000000 
0.000001 
0.000172 
0.000000 
0.000001 
0.000000 
0.000000 
0.000000 
0.000000 
0.000000 
0.000011 
0.000000 
0.000003 
0.000000 
0.000000 
0.000000 
0.000000 
0.000000 
0.000001 
0.000000 
0.000000 
0.000000 
0.000000 
0.000000 
0.000000 
0.000000 
0.000001 
0.000000 
0.000000 
0.000003 
0.000000 
0.000000 
0.000000 
0.000000 
0.000000 
0.000000 
0.000000 
0.000001 
0.000000 
0.000000 
0.000011 
0.000000 
0.000000 
0.000042 
0.000000 
0.000170 
0.000011 
0.000000 
0.000000 
0.000000 
0.000000 
0.000044 
0.000000 
0.000000 
0.000044 
0.000000 
0.000000 
0.000000 
0.000000 
0.000000 
0.000000 
0.000000 
0.000000 
0.000000 
0.000000 
0.000000 
0.000000 
0.000000 
0.000000 
0.000000 
0.000000 
0.000000 
0.000000 
0.000000 
0.000000 
0.000000 
0.000000 
0.000000 
0.000000 
0.000000 
0.000000 
0.000000 
0.000000 
0.000000 
0.000000 
0.000000 
0.000000 
0.000000 
0.000000 
0.000000 
0.000000 
0.000000 
0.000000 
0.000000 
0.000000 
0.000000 
0.000000 
0.000000 
0.000000 
0.000177 
0.000000 
0.000000 
0.000000 
0.000000 
0.000001 
0.000000 
0.000000 
0.000000 
0.000000 
0.000000 
0.000000 
0.000001 
0.000000 
0.000000 
0.000001 
0.000000 
0.000003 
0.000000 
0.000000 
0.000011 
0.000000 
0.000003 
0.000000 
0.000000 
0.000003 
0.000000 
0.000000 
0.000000 
0.000000 
0.000000 
0.000000 
0.000003 
0.000000 
0.000000 
0.000000 
0.000000 
0.000171 
0.000000 
0.000000 
0.000003 
0.000000 
0.000000 
0.000000 
0.000000 
0.000000 
0.000000 
0.000000 
0.000000 
0.000000 
0.000011 
0.000000 
0.000174 
0.000000 
0.000000 
0.000000 
0.000000 
0.000000 
0.000000 
0.000000 
0.000000 
0.000000 
0.000000 
0.000000 
0.000000 
0.000000 
0.000000 
0.000000 
0.000000 
0.000000 
0.000000 
0.000000 
0.000000 
0.000000 
0.000000 
0.000000 
0.000000 
0.000000 
0.000000 
0.000000 
0.000000 
0.000000 
0.000000 
0.000000 
0.000000 
0.000000 
0.000000 
0.000000 
0.000000 
0.000000 
0.000000 
0.000000 
0.000000 
0.000000 
0.000000 
0.000000 
0.000000 
0.000000 
0.000000 
0.000000 
0.000000 
0.000000 
0.000000 
0.000000 
0.000000 
0.000000 
0.000000 
0.000000 
0.000000 
0.000000 
0.000000 
0.000000 
0.000000 
0.000000 
0.000000 
0.000000 
0.000000 
0.000000 
0.000000 
0.000000 
0.000000 
0.000000 
0.000000 
0.000000 
0.000000 
0.000000 
0.000000 
0.000000 
0.000000 
0.000000 
0.000000 
0.000000 
0.000000 
0.000000 
0.000000 
0.000000 
0.000000 
0.000000 
0.000000 
0.000000 
0.000000 
0.000000 
0.000000 
0.000000 
0.000000 
0.000000 
0.000000 
0.000000 
0.000000 
0.000000 
0.000000 
0.000000 
0.000000 
0.000000 
0.000000 
0.000000 
0.000000 
0.000000 
0.000000 
0.000000 
0.000000 
0.000000 
0.000000 
0.000000 
0.000000 
0.000000 
0.000000 
0.000000 
0.000000 
0.000000 
0.000000 
0.000000 
0.000000 
0.000000 
0.000000 
0.000000 
0.000000 
0.000000 
0.000000 
0.000000 
0.000000 
0.000000 
0.000000 
0.000000 
0.000000 
0.000000 
0.000000 
0.000000 
0.000000 
0.000000 
0.000000 
0.000000 
0.000000 
0.000000 
0.000000 
