-0.435323 
-0.450249 
-0.455224 
-0.471393 
-0.465174 
-0.461443 
-0.442786 
-0.436567 
-0.435323 
-0.425373 
-0.435323 
-0.426617 
-0.412935 
-0.407960 
-0.405473 
-0.350746 
-0.343284 
-0.298507 
-0.253731 
-0.238806 
-0.203980 
0.000000 
0.000000 
0.000000 
0.000000 
0.000000 
0.000000 
0.000000 
0.000000 
0.000000 
0.000000 
0.000000 
0.000000 
0.000000 
0.000000 
0.213930 
0.225124 
0.240050 
0.300995 
0.334577 
0.359453 
0.354478 
0.369403 
0.405473 
0.379353 
0.386816 
0.405473 
0.416667 
0.436567 
0.442786 
0.452736 
0.436567 
0.432836 
0.439055 
0.407960 
0.393035 
0.398010 
0.380597 
0.374378 
0.369403 
0.353234 
0.315920 
0.282338 
0.261194 
0.220149 
0.000000 
0.000000 
0.000000 
0.000000 
0.000000 
0.000000 
0.000000 
0.000000 
0.000000 
0.000000 
0.000000 
0.000000 
0.000000 
-0.248756 
-0.267413 
-0.296020 
-0.272388 
-0.312189 
-0.315920 
-0.343284 
0.208955 
1.000000 
0.465174 
0.000000 
0.000000 
-0.463930 
-0.463930 
-0.369403 
-0.416667 
-0.436567 
-0.507463 
-0.579602 
-0.657960 
-0.672886 
-0.671642 
-0.723881 
-0.692786 
-0.682836 
-0.597015 
-0.553483 
-0.538557 
-0.462687 
-0.432836 
-0.407960 
-0.364428 
-0.364428 
-0.329602 
-0.210199 
0.000000 
0.000000 
0.000000 
0.000000 
0.000000 
0.000000 
0.000000 
0.000000 
0.227612 
0.222637 
0.288557 
0.319652 
0.347015 
0.409204 
0.470149 
0.496269 
0.468905 
0.495025 
0.475124 
0.429104 
0.435323 
0.393035 
0.353234 
0.380597 
0.405473 
0.401741 
0.391791 
0.395522 
0.383085 
0.345771 
0.292289 
0.281095 
0.263682 
0.262438 
0.283582 
0.293532 
0.273632 
0.259950 
0.256219 
0.000000 
0.000000 
0.000000 
0.000000 
0.000000 
0.000000 
0.000000 
0.000000 
0.000000 
0.000000 
0.000000 
0.000000 
0.000000 
0.000000 
-0.241294 
-0.271144 
-0.291045 
-0.292289 
-0.296020 
-0.327114 
-0.324627 
-0.376866 
-0.400498 
-0.407960 
-0.450249 
-0.439055 
-0.442786 
-0.436567 
-0.414179 
-0.412935 
-0.381841 
-0.355721 
-0.347015 
-0.340796 
-0.355721 
-0.338308 
-0.317164 
-0.286070 
-0.254975 
-0.235075 
0.000000 
0.000000 
0.000000 
0.000000 
0.000000 
0.000000 
0.000000 
0.000000 
0.000000 
0.000000 
0.000000 
0.000000 
0.000000 
0.000000 
0.000000 
0.000000 
0.197761 
0.000000 
0.208955 
0.238806 
0.223881 
0.264925 
0.294776 
0.264925 
0.286070 
0.281095 
0.279851 
0.279851 
0.267413 
0.317164 
0.298507 
0.299751 
0.333333 
0.288557 
0.328358 
0.317164 
0.282338 
0.281095 
0.227612 
0.248756 
0.240050 
0.000000 
0.000000 
0.000000 
0.000000 
0.000000 
0.000000 
0.000000 
0.000000 
0.000000 
0.000000 
0.000000 
0.000000 
0.000000 
0.000000 
0.000000 
0.000000 
0.000000 
0.000000 
0.000000 
0.000000 
-0.210199 
-0.245025 
-0.247512 
-0.258706 
-0.263682 
-0.258706 
-0.296020 
-0.308458 
-0.291045 
-0.292289 
-0.294776 
-0.315920 
-0.291045 
-0.283582 
-0.291045 
-0.263682 
-0.266169 
-0.253731 
-0.238806 
-0.212687 
-0.221393 
-0.222637 
-0.210199 
0.000000 
0.000000 
0.000000 
0.000000 
0.000000 
0.000000 
0.000000 
0.000000 
0.000000 
0.000000 
0.000000 
0.000000 
0.000000 
0.000000 
0.000000 
0.000000 
0.000000 
0.000000 
0.000000 
0.000000 
0.000000 
0.000000 
0.000000 
0.000000 
0.000000 
0.000000 
0.254975 
0.269901 
0.215174 
0.233831 
0.245025 
0.259950 
0.254975 
0.241294 
0.241294 
0.243781 
0.226368 
0.247512 
0.240050 
0.201493 
0.226368 
0.238806 
0.230099 
0.000000 
0.000000 
0.000000 
0.000000 
0.000000 
0.000000 
0.000000 
0.000000 
0.000000 
0.000000 
0.000000 
0.000000 
0.000000 
0.000000 
0.000000 
0.000000 
0.000000 
0.000000 
0.000000 
0.000000 
0.000000 
0.000000 
0.000000 
0.000000 
0.000000 
0.000000 
0.000000 
0.000000 
0.000000 
0.000000 
-0.215174 
-0.197761 
-0.245025 
-0.241294 
-0.196517 
0.000000 
0.000000 
-0.199005 
0.000000 
0.000000 
0.000000 
0.000000 
0.000000 
0.000000 
0.000000 
0.000000 
0.000000 
0.000000 
0.000000 
0.000000 
0.000000 
0.000000 
0.000000 
0.000000 
0.000000 
0.000000 
0.000000 
0.000000 
0.000000 
0.000000 
0.000000 
0.000000 
0.000000 
0.000000 
0.000000 
0.000000 
0.000000 
0.000000 
0.000000 
0.000000 
0.000000 
0.000000 
0.000000 
0.000000 
0.000000 
0.000000 
0.000000 
0.000000 
0.000000 
0.000000 
0.000000 
0.000000 
0.000000 
0.000000 
0.000000 
0.000000 
0.000000 
0.000000 
0.000000 
0.000000 
0.000000 
0.000000 
0.000000 
0.000000 
0.000000 
0.000000 
0.000000 
0.000000 
0.000000 
0.000000 
0.000000 
0.000000 
0.000000 
0.000000 
0.000000 
0.000000 
0.000000 
0.000000 
0.000000 
0.000000 
0.000000 
0.000000 
0.000000 
0.000000 
0.000000 
0.000000 
0.000000 
0.000000 
0.000000 
0.000000 
0.000000 
0.000000 
0.000000 
0.000000 
0.000000 
0.000000 
0.000000 
0.000000 
0.000000 
0.000000 
0.000000 
0.000000 
0.000000 
0.000000 
0.000000 
0.000000 
0.000000 
0.000000 
0.000000 
0.000000 
0.000000 
0.000000 
0.000000 
0.000000 
0.000000 
0.000000 
0.000000 
0.000000 
0.000000 
0.000000 
0.000000 
0.000000 
0.000000 
0.000000 
0.000000 
0.000000 
0.000000 
0.000000 
0.000000 
0.000000 
0.000000 
0.000000 
0.000000 
0.000000 
0.000000 
0.000000 
0.000000 
0.000000 
0.000000 
0.000000 
0.000000 
0.000000 
0.000000 
0.000000 
0.000000 
0.000000 
0.000000 
0.000000 
0.000000 
0.000000 
0.000000 
0.000000 
0.000000 
0.000000 
0.000000 
0.000000 
0.000000 
0.000000 
0.000000 
0.000000 
0.000000 
0.000000 
0.000000 
0.000000 
0.000000 
0.000000 
0.000000 
0.000000 
0.000000 
0.000000 
0.000000 
0.000000 
0.000000 
0.000000 
0.000000 
0.000000 
0.000000 
0.000000 
0.000000 
0.000000 
0.000000 
0.000000 
0.000000 
0.000000 
0.000000 
0.000000 
0.000000 
0.000000 
0.000000 
0.000000 
0.000000 
0.000000 
0.000000 
0.000000 
0.000000 
0.000000 
0.000000 
0.000000 
0.000000 
0.000000 
0.000000 
0.000000 
0.000000 
0.000000 
0.000000 
0.000000 
0.000000 
0.000000 
0.000000 
0.000000 
0.000000 
0.000000 
0.000000 
0.000000 
0.000000 
0.000000 
0.000000 
0.000000 
0.000000 
0.000000 
0.000000 
0.000000 
0.000000 
0.000000 
0.000000 
0.000000 
0.000000 
0.000000 
0.000000 
0.000000 
0.000000 
0.000000 
0.000000 
0.000000 
0.000000 
0.000000 
0.253731 
0.000000 
0.000000 
0.000000 
0.000000 
0.000000 
0.000000 
0.000000 
0.000000 
0.000000 
0.000000 
0.000000 
0.000000 
0.000000 
0.000000 
